1610372209
213092714
1910642913
42301937
43764970
267391453
313338032
319807037
471567628
1028963254
1541127349
1821450305
2025671498
2386935
2649100
7101693
8521187
8673082
19066111
28377691
28986421
180751979
197361927
217065360
246216953
289148442
289473985
446129411
468652831
489297906
654873985
1065859724
1217229346
1240181055
1295856735
1414677532
1426742355
1492709374
2064974271
2079296414
651416
3987585
8545232
12373699
14643629
15533581
16952306
17489117
20506863
22908045
26518981
26832062
26852471
28304226
33201296
44404759
179690078
184808666
202055056
235889963
245847801
263841502
274199825
279937544
293410886
296832071
306371930
315112331
316301180
322924220
326575815
353099842
358386807
379628743
423958312
424220653
440581003
472487471
475895971
542291236
563797403
734526690
743204765
811383164
898039779
966062374
986620120
994540221
998833056
1001539523
1059107545
1127451954
1254988860
1274351602
1371049420
1392449282
1420172731
1436288099
1446166442
1491994800
1527531630
1683815407
1830057790
1973780054
1992590256
2015657517
2028221254
2039393927
2041904606
2091143635
2134213828
193172
218642
252450
545396
876852
1494207
1781020
2511456
2966770
2993816
3058567
4121747
5552114
5798444
6094433
6095120
6411868
6424261
6703512
6715372
7658978
7796431
8233832
8355931
9622793
10020904
11273923
11923483
12145242
12735251
13585950
14226382
14554844
14602506
14663934
15721951
16438781
18686607
19327525
20036563
