213092714
615762549
807328434
1469430057
1613314356
1794042609
1370101
13929431
46426759
218578060
255440861
261676227
278115742
412225802
480607598
698577871
962371384
1029660293
1187490027
1310739600
1424472896
1432911503
1543434249
1610372209
1623128771
2158780
26602112
30799066
33215297
42811730
50962721
54585350
143624250
144774268
175393330
180299720
212955256
228686850
244604991
248579804
271919636
282925053
296985708
310317649
326989882
363614882
375242603
395763035
460724911
465608991
494965607
832948752
1002162567
1104241628
1113031253
1270289845
1274351602
1309797897
1399986054
1429425649
1447216909
1451659054
1454769145
1542614963
1556322548
1585266729
1618300728
1636060724
1659002888
1670179102
1952175541
1954513366
1958810154
1973671519
1998726098
1999713636
115100
263227
872554
1528348
1664522
2237975
2258176
2703539
3450676
4074998
4524354
6495079
9355974
10174976
13554849
15555967
17165738
17246818
20308641
23130736
23700546
27515595
30310661
30579263
36658455
36937605
41917695
42628226
50314952
52824439
54112166
56087891
144750752
145793556
174186557
179393746
180751979
183804280
187557461
188706326
189171828
191702928
195693408
196331118
219299101
222560285
226259529
255551689
258579364
270884492
271723009
277890258
285409822
286565888
297568207
302377999
329703806
336506170
338601908
351073373
353453759
358178031
372336342
397410188
402196742
463697933
497055472
531116626
541832677
649958748
840539757
1092804203
1104472939
1253980868
1258677635
1272033118
1287818177
1324549170
1375294939
1420572733
1457563210
1471703898
1478609589
1536983537
1539832734
1565106646
1566485184
1639832337
1700153092
1796669791
1830290199
1906138095
2042833421
2061011517
2127124183
235145
264492
271919
612190
793990
