213092714
1610372209
282925053
9580550
347841227
979882516
1556046738
832948752
1469430057
2801513
54585350
1488204991
1644252499
217065360
221830265
1675141780
1370101
17504359
17929751
28344676
42811730
244678314
255440861
269109381
278264300
279699165
398001705
1309797897
1372100862
1794042609
1919600409
1951052585
16222492
28107794
31172766
35924019
39781499
49947783
51349062
182844114
278115742
283966093
316218566
420370245
543292063
698577871
734978956
1029660293
1104241628
1220846951
1295856735
1310739600
1399986054
1499430756
1506354926
1626667366
1672760376
1733186159
1932705207
235145
271919
572205
625029
688988
1146120
6424261
7548593
15267741
21824597
22924962
23169108
31166269
145137499
174186557
174672998
176597649
189254814
218578060
219897028
222464799
224729769
226080339
234451085
246937762
283562494
290402818
305049967
306119215
312997271
314032373
314276416
321799585
335606283
375242603
439898956
501765760
575327077
636782955
807328434
917169381
1065859724
1099323711
1130289603
1258677635
1325374487
1326994660
1397671276
1402900373
1414077307
1451659054
1454356372
1471703898
1479683748
1640145114
1641900257
1706768492
1734134298
1796669791
1835470567
1913936473
1917215206
1940356904
1973780054
2091480870
4182
115100
269450
321585
459387
872554
1630674
1840883
2733263
4020534
4229131
4557618
4943863
5053514
6596995
10174976
10677224
12417266
15150528
15654021
17246818
17613906
17983687
18355536
20036563
20223233
26602112
27341753
27541372
28303013
31334961
41413371
43489736
49508330
50962721
52464046
54112166
175393330
176761645
178139146
179393746
188706326
196331118
199486589
200959413
226259529
226596672
228686850
233112935
236849081
240508721
