41701722
203385909
371684818
890772290
1052176567
280674
7080748
10202448
13963789
14270981
15449863
22134342
25294642
28288717
46890644
55843674
227537194
246784078
252542894
253454929
265628719
291554356
300781499
319449349
322924220
446129411
447904695
471567628
472487471
485003477
497055472
531336409
570881076
599522110
656479258
969536706
998577428
1092263504
1170759606
545853
600191
1093662
1096665
1159831
1164621
1259113
1702085
1738982
1929240
2634744
2742843
2966770
3133840
3550235
3560223
4943863
5068708
6122586
7359717
7481006
8477062
8625037
8978483
9514924
10101027
11687279
13848121
13927014
14075499
15241002
17894726
21214382
22075965
22841692
26832062
28782464
30616151
31476643
31555703
31848383
34455785
36827060
37751585
40958240
47389961
49222169
51713233
54585350
54860403
144414083
145964057
180648082
181205344
186884028
188567544
191310361
191518580
192209496
194248869
195173296
210731441
215965244
215998569
219159279
221109968
227755429
233371343
235085553
240330278
245104452
246179691
248242121
255384154
262239678
263362048
265540180
272416930
274095945
282343357
282996819
285047685
293410886
298719000
300262279
303879248
314251454
321205228
352515139
361300473
362103628
378309798
411267097
420534232
434704755
451567262
463605208
478869313
506013882
521150799
548158526
569049791
649047061
655063305
752859396
768208722
779337086
881345636
924041395
965171646
972282446
994710458
999753354
1001709318
1002930894
1019719946
1030107736
1077971912
1141277277
1155168751
1208400192
1227302791
1289873081
1323997223
218642
280878
294546
352855
359134
392617
419501
477000
548489
706059
772068
801619
